0 0.150000 0.150000 0.100000 0.250000
0 0.350000 0.150000 0.100000 0.250000
0 0.550000 0.150000 0.100000 0.250000
0 0.750000 0.150000 0.100000 0.250000
0 0.150000 0.350000 0.100000 0.250000
0 0.350000 0.350000 0.100000 0.250000
0 0.550000 0.350000 0.100000 0.250000
0 0.750000 0.350000 0.100000 0.250000
0 0.150000 0.550000 0.100000 0.250000
0 0.350000 0.550000 0.100000 0.250000
0 0.550000 0.550000 0.100000 0.250000
0 0.750000 0.550000 0.100000 0.250000
0 0.150000 0.750000 0.100000 0.250000
0 0.350000 0.750000 0.100000 0.250000
0 0.550000 0.750000 0.100000 0.250000
0 0.750000 0.750000 0.100000 0.250000