2 0.150000 0.150000 0.100000 0.150000
2 0.350000 0.150000 0.100000 0.150000
2 0.550000 0.150000 0.100000 0.150000
2 0.750000 0.150000 0.100000 0.150000
2 0.250000 0.350000 0.100000 0.150000
2 0.450000 0.350000 0.100000 0.150000
2 0.650000 0.350000 0.100000 0.150000
2 0.850000 0.350000 0.100000 0.150000
2 0.150000 0.550000 0.100000 0.150000
2 0.350000 0.550000 0.100000 0.150000
2 0.550000 0.550000 0.100000 0.150000
2 0.750000 0.550000 0.100000 0.150000
2 0.250000 0.750000 0.100000 0.150000
2 0.450000 0.750000 0.100000 0.150000
2 0.650000 0.750000 0.100000 0.150000
2 0.850000 0.750000 0.100000 0.150000